17124 512 772 516 0 772
4621958 1135 703 1123 0 703
4648596 1023 926 518 0 926
4658890 611 703 614 0 703
4700762 1092 948 992 0 602,702,1127
4705864 949 662 706 1 320,352,701,661,948
4705869 948 661 770 0 256,320,706,664,1127,1092
4708122 692 353 754 1 320,352,357,358,360,361,362,365,368,370,372,374,375,376,378,382,383,703,721,764,972,712,744,710,708,1017,719,758,757,760,767,958,631,959,723,948
4708126 631 354 696 1 256,320,352,357,358,362,363,364,366,367,369,370,373,375,376,377,379,381,382,383,715,1110,703,718,716,711,763,712,708,702,759,719,754,758,757,760,767,1092,958,634,723,960,970,739
4718082 1115 321 984 0 256,321,323,325,327,328,329,330,333,335,336,337,339,340,342,343,348,350,978,1009,571,697,693,689,1069,685,683,1151,726,564,678,674,675,670,1120,630,1092
4718086 630 322 664 0 321,325,328,329,330,331,332,339,342,344,345,346,350,978,976,693,689,1069,687,684,564,674,672,673,671,1120,984,1072
4727022 1127 353 666 1 353,357,358,359,360,361,363,366,367,370,371,373,377,379,381,382,1008,978,1049,975,697,694,684,682,683,680,564,674,672,673,671,1019,670,948
4727026 1008 354 984 0 352,353,354,358,369,370,371,373,376,378,379,381,1009,1049,694,689,684,682,683,1151,1019,568,948
4736373 782 981 1014 1 256,288,781,1048,601
4736377 781 1048 600 1 288,320,780,781,1048,916,1092
4738422 945 289 595 1 256,295,296,298,300,305,306,308,309,310,311,313,314,317,318,320,998,580,599,549,622,618,609,608,603,600,1145,1092,607,612,610,1114
4738426 1145 290 1016 0 256,288,289,290,292,294,296,298,302,303,304,313,314,315,317,781,998,625,618,614,611,603,600,601,621,1114,613,637
4747567 983 257 1048 0 260,262,263,264,267,269,274,275,276,278,279,280,281,282,286,1057,519,521,527,1024,520,944,1149,943,535,941,1091,525,523,1022,1126
4747571 535 258 981 1 260,262,263,264,265,268,269,274,276,277,278,280,284,286,288,636,781,940,947,1057,519,520,942,944,1161,1048,1149,943,1021,1091,522,525,523,1126
4756497 780 289 1167 0 288,295,297,299,300,302,304,305,309,310,313,314,315,318,781,940,527,1149,943,1021,1023,779,941,525,523,688,518,1022,1126
4756501 779 290 916 0 289,290,292,293,295,296,297,299,300,305,306,307,309,312,316,940,778,527,1024,1053,646,942,748,1021,530,522,525,523,518
4766150 882 1166 669 1 320,352,924,1087,1143
4766154 1087 1143 1163 1 320,352,691,742,1087,1143
4768198 916 353 945 1 1048
4777343 602 321 1143 1 320,321,324,327,329,331,333,338,339,341,343,344,345,346,347,1032,1101,753,1131,914,907,1081,1160,997,1055,1109,912,906,911,909
4777347 1101 322 1166 0 320,322,327,328,329,332,334,335,336,338,339,342,345,346,349,350,904,753,979,1131,1064,1081,913,905,973,1055,912,906,1129,910,1123,909
4786205 742 353 1066 1 626
4786209 626 354 905 0 352,354,356,357,366,367,371,372,374,378,380,382,518,522,523,525,943,992,1021,1023,1039,1099,1149,1161
4801414 698 1113 707 0 1113
4844339 622 927 1114 0 927
4854633 556 1039 1010 0 1039
4862961 1031 480 554 0 480
4930650 882 906 709 1 384,416,1131,1118,548
4930654 1118 1131 546 1 384,416,637,761,1118,1131
4932699 607 417 541 0 384,416,421,422,424,425,427,428,430,431,435,440,444,445,447,1011,1118,561,998,571,1025,563,709,630,925,1072,1015,546,1010,551
4941844 977 385 1131 0 387,388,389,390,391,393,395,396,397,398,401,402,405,406,408,410,413,616,549,622,1124,618,995,614,609,608,623,612,583,595,1084,628,1094,610,621
4941848 1124 386 906 1 389,391,393,395,398,400,401,402,403,404,405,407,410,412,413,414,416,1131,616,1118,622,625,618,614,603,590,704,624,612,583,595,594,1084,1094,993,601,621,1114
4950774 761 417 1014 1 417,421,422,426,428,429,431,432,437,438,439,440,442,443,444,445,616,743,1118,549,622,1009,625,614,609,1016,590,612,583,1094,993,610,621,613
5012372 1094 1124 625 0 1124
5039010 517 905 553 0 905
5049304 579 1124 1005 0 1124
5111382 865 1123 949 0 1036,687,1135
5116484 979 1071 514 1 384,480,865,655,1123,740
5116489 1123 655 741 0 514,656,1135
5118742 564 481 1152 0 448,480,485,486,487,489,490,491,493,494,497,498,500,501,504,506,507,508,510,511,964,732,733,724,764,1124,711,744,710,708,705,1017,719,760,950,731,730,958,530,1138,1123,737
5118746 950 482 696 0 384,448,480,484,487,488,489,493,494,495,496,497,499,501,502,504,507,508,510,964,733,865,724,734,764,1152,1124,711,712,744,575,719,770,758,757,687,1165,731,958,530,723,1138
5128702 909 449 593 1 448,453,457,458,459,460,461,462,464,465,466,469,471,473,474,476,477,480,1110,753,978,975,689,678,672,673,671,1019,670,663,1120,984,661,558,986,1123
5128706 753 450 656 1 384,448,452,453,455,458,462,464,465,471,474,475,476,477,480,1110,865,978,975,762,689,682,683,726,678,674,673,663,1120,661,593,1123,953
5137642 1135 481 654 1 481,485,488,489,490,491,492,495,496,497,498,499,506,507,509,510,978,975,1151,726,677,674,663,1120,1170,984,664,661,662,558,627,547,986,1123
5137646 547 482 593 0 482,484,486,488,491,492,493,495,498,499,502,503,504,507,508,509,510,558,627,663,664,666,671,672,673,677,678,689,726,762,984,986,990,1123,1151,1170
5146993 786 609 1107 1 416,448,865,939,615,785
5146997 785 939 1082 0 384,448,784,865,1107,610
5149042 1131 417 1133 0 384,416,419,421,426,427,428,431,432,433,435,439,440,445,446,1020,579,589,586,577,570,568,1160,1005,1082,1137,922,1004,1148,785
5149046 1160 418 1038 0 384,421,422,427,428,429,432,434,435,438,439,440,445,447,907,1020,579,1008,587,569,589,586,542,1119,577,570,1127,1133,1082,1137,785,665
5158187 1091 385 939 0 385,387,393,395,396,400,403,404,405,407,409,412,414,448,1011,865,608,1012,557,553,548,926,916,997,560,565,546,735,1010
5158191 926 386 609 1 385,386,395,398,399,403,407,409,410,413,1011,1013,563,548,1072,992,560,1010,551
5167117 784 417 908 0 417,419,420,421,422,423,425,427,430,431,432,433,437,438,443,444,445,783,1011,1014,561,580,1025,563,553,548,1139,1048,1072,565,555,785,517,556,735,949
5167121 783 418 610 0 416,420,421,422,424,426,427,428,430,433,434,436,437,438,439,440,442,445,782,1011,1014,1013,1025,1012,553,548,709,916,1072,560,565,550,1015,546,556,735,1010,949,908
5176770 1098 669 1161 1 448,480,743,944,1163
5176774 743 1163 703 1 448,480,761,743,1155,1163
5178818 610 481 1131 1 480,481,483,485,489,490,492,496,497,501,505,506,507,508,511,904,521,608,603,520,1053,748,944,939,1149,943,941,523,518,908
5178822 939 482 906 0 481,488,489,491,492,493,498,503,504,506,508,509,510,703,1131,521,1024,520,646,942,944,1161,938,1149,1021,767,1022,1126
5187963 1036 449 1163 1 448,449,451,453,454,455,460,463,466,467,469,470,472,476,478,616,1009,614,590,1130,623,624,612,595,993,1108,601,1114,613,596
5187967 1108 450 669 1 448,454,455,456,461,463,464,466,467,469,470,473,474,476,478,729,616,1095,1150,549,622,1009,625,1130,623,624,595,1084,993,601,613,1163,596
5196825 761 481 903 0 480,481,483,485,486,487,493,495,497,498,500,501,502,504,505,506,507,508,509,510,1011,1013,1118,561,580,1025,563,557,1048,916,973,1072,565,545,1015,546,517,556,1010,949
5196829 1118 482 927 1 480,481,482,485,487,489,490,491,492,494,496,497,500,501,502,503,505,506,507,509,510,546,548,550,551,553,555,556,560,561,565,735,743,882,916,949,1010,1011,1015,1025,1072
8924677 934 1054 904 0 1054
8926749 1054 904 970 0 904
