# tailwalk fin.py cap=1180 R=415 leg=div mu=1000000.0 model dT=39096 events/corpus B=1.925e-04 A=2.677e-04
259 259
257 257
257 257
257 257
257 257
257 257
257 257
257 257
257 257
257 257
257 257
257 257
257 257
257 257
257 257
257 257
257 257
257 257
257 257
257 257
257 257
257 257
257 257
257 257
257 257
257 257
257 257
257 257
257 257
257 257
257 257
257 257
257 256
256 256
255 255
255 254
254 254
253 253
253 252
252 252
251 251
251 250
250 250
249 249
249 248
248 248
248 247
246 246
246 246
246 246
245 245
244 244
244 244
244 243
242 242
242 241
241 241
240 240
240 240
239 239
239 238
238 238
237 237
236 236
236 235
235 235
234 234
234 234
234 233
233 232
232 233
232 231
231 230
230 230
229 230
230 229
228 228
227 228
227 227
227 226
226 225
225 226
225 225
225 224
223 223
222 222
222 221
221 221
220 221
221 220
219 219
218 218
218 218
217 217
217 217
217 216
215 215
214 215
215 214
213 213
213 212
212 212
211 211
211 210
210 210
209 209
209 208
208 208
207 208
208 207
206 206
205 205
205 204
204 203
202 204
204 203
202 202
202 201
201 200
199 200
199 198
198 198
198 198
197 196
196 197
196 195
194 194
194 194
193 193
193 193
192 192
191 191
191 192
192 191
190 190
190 190
190 189
188 188
188 188
188 188
187 186
186 186
186 186
185 185
185 184
184 184
183 183
183 182
181 182
181 181
181 181
180 180
179 179
179 178
178 177
177 176
176 176
175 175
175 174
174 174
173 174
174 173
172 172
171 171
171 171
171 170
169 169
169 169
169 169
168 168
168 167
167 167
166 166
166 166
166 165
164 164
164 163
163 163
162 162
162 162
161 162
161 160
160 159
158 158
158 158
157 158
157 157
157 156
156 156
155 154
154 154
154 154
153 153
153 152
151 152
151 151
151 150
150 150
149 149
149 148
148 147
146 146
146 146
146 145
144 143
143 143
142 142
142 142
141 142
142 141
140 141
140 139
139 138
138 139
138 138
137 137
137 137
137 136
135 135
135 135
135 135
134 134
133 133
133 132
132 131
130 130
130 130
130 129
128 129
128 128
128 127
127 126
126 126
125 127
127 126
125 124
123 123
123 122
121 121
121 121
121 120
119 119
119 120
119 119
118 118
118 117
116 117
116 116
116 115
115 114
113 114
114 113
113 112
112 112
112 111
111 111
110 110
110 109
109 109
108 108
108 108
107 107
107 107
107 106
105 105
104 105
105 104
104 104
104 103
102 102
102 101
101 101
100 99
99 99
99 99
99 99
98 97
97 97
97 96
95 95
95 95
94 94
94 95
94 94
93 92
91 92
91 92
91 91
91 90
90 90
89 88
87 89
89 88
85 86
85 85
85 84
83 83
83 83
83 83
82 81
81 81
80 81
80 79
79 79
79 78
77 78
77 77
76 75
75 75
75 74
73 73
73 73
73 73
72 71
71 71
71 71
70 70
70 69
69 69
68 68
67 68
68 67
66 66
65 66
66 65
65 64
63 64
64 63
62 62
62 62
62 62
61 61
61 60
59 59
58 59
59 58
57 57
57 57
56 56
55 55
55 55
54 54
54 53
52 53
52 51
51 52
51 51
50 51
50 49
48 49
49 48
47 47
46 47
46 47
46 47
47 46
44 44
44 44
44 44
43 42
42 42
42 41
40 40
40 39
39 39
38 38
38 38
38 37
36 37
36 35
35 34
34 35
34 34
33 33
33 33
32 33
32 33
32 31
31 31
30 31
30 29
29 29
29 29
28 27
27 27
27 27
26 26
25 25
24 24
23 23
22 22
21 21
21 20
20 19
19 19
19 19
19 19
19 18
18 17
17 17
17 16
16 15
15 14
14 14
14 13
13 12
12 12
12 11
11 10
10 9
9 9
9 8
8 7
7 6
5 4
